,x,y,z
0,381.15899658203125,259.40899658203125,264.5950012207031
1,382.0199890136719,260.5830078125,264.6090087890625
2,383.17498779296875,260.3710021972656,263.63800048828125
3,383.718994140625,259.27398681640625,263.5710144042969
4,382.5369873046875,260.85101318359375,266.01800537109375
5,383.1889953613281,262.1860046386719,266.1159973144531
6,381.95098876953125,263.4410095214844,265.83599853515625
7,382.9020080566406,264.5660095214844,264.8599853515625
8,383.5610046386719,261.4049987792969,262.8869934082031
9,384.47198486328125,261.16900634765625,261.77398681640625
10,385.9320068359375,261.3450012207031,262.1830139160156
11,386.6960144042969,260.38800048828125,262.0899963378906
12,384.10699462890625,262.0660095214844,260.59100341796875
13,384.64801025390625,261.63299560546875,259.2250061035156
14,383.60198974609375,261.9460144042969,258.18798828125
15,385.9649963378906,262.302001953125,258.83099365234375
16,386.3330078125,262.55499267578125,262.6340026855469
17,387.6180114746094,262.8139953613281,263.3039855957031
18,388.8590087890625,262.29400634765625,262.58599853515625
19,389.2829895019531,261.1730041503906,262.8970031738281
20,387.6369934082031,262.2279968261719,264.7139892578125
21,386.7460021972656,262.9259948730469,265.6809997558594
22,386.8940124511719,262.2279968261719,267.3190002441406
23,388.5060119628906,262.85198974609375,267.739990234375
24,389.3800048828125,262.9859924316406,261.57000732421875
25,390.60699462890625,262.531005859375,260.8940124511719
26,391.76300048828125,262.29400634765625,261.8580017089844
27,391.9230041503906,263.0090026855469,262.84698486328125
28,390.9129943847656,263.6709899902344,259.9200134277344
29,390.2239990234375,264.8529968261719,260.49200439453125
30,388.9809875488281,264.33099365234375,261.135009765625
31,392.5610046386719,261.2640075683594,261.5480041503906
32,393.37799072265625,260.53900146484375,262.5220031738281
33,394.4490051269531,261.4010009765625,263.1809997558594
34,394.9129943847656,261.07000732421875,264.2770080566406
35,394.0169982910156,259.34698486328125,261.8080139160156
36,394.7080078125,258.322998046875,262.6759948730469
37,395.2510070800781,257.1960144042969,261.8320007324219
38,396.6659851074219,257.4939880371094,261.3559875488281
39,396.7250061035156,258.2909851074219,260.0989990234375
40,394.8210144042969,262.51800537109375,262.5610046386719
41,395.7200012207031,263.4630126953125,263.2030029296875
42,395.0660095214844,264.135986328125,264.40399169921875
43,395.7669982910156,264.531005859375,265.3380126953125
44,396.19000244140625,264.4880065917969,262.1659851074219
45,397.260986328125,265.4620056152344,262.6319885253906
46,397.7959899902344,266.2799987792969,261.4750061035156
47,396.760009765625,267.2659912109375,260.97100830078125
48,396.4909973144531,268.33599853515625,261.9639892578125
49,393.7380065917969,264.22601318359375,264.4280090332031
50,393.0320129394531,264.7550048828125,265.5870056152344
51,392.77099609375,263.7149963378906,266.66400146484375
52,392.6619873046875,264.0740051269531,267.8370056152344
53,391.70098876953125,265.36700439453125,265.1669921875
54,391.87298583984375,266.6700134277344,264.4570007324219
55,392.6860046386719,267.49700927734375,264.8580017089844
56,391.1109924316406,266.8689880371094,263.3919982910156
57,392.6600036621094,262.44000244140625,266.3059997558594
58,392.3559875488281,261.4330139160156,267.31298828125
59,393.57000732421875,261.1239929199219,268.177001953125
60,393.4469909667969,260.989013671875,269.39898681640625
61,391.8370056152344,260.1700134277344,266.64300537109375
62,391.40301513671875,259.114013671875,267.6099853515625
63,390.8489990234375,257.9079895019531,266.885009765625
64,389.6050109863281,258.1990051269531,266.1789855957031
65,388.40301513671875,258.19500732421875,266.7449951171875
66,388.2690124511719,257.927001953125,268.0350036621094
67,387.33099365234375,258.4599914550781,266.0190124511719
68,394.74700927734375,261.0069885253906,267.5610046386719
69,395.9670104980469,260.72601318359375,268.30999755859375
70,396.3599853515625,261.9230041503906,269.1629943847656
71,396.7720031738281,261.7690124511719,270.3179931640625
72,397.0849914550781,260.30499267578125,267.3389892578125
73,396.77899169921875,258.9259948730469,266.76300048828125
74,398.45001220703125,260.3110046386719,267.9939880371094
75,397.73699951171875,258.4949951171875,265.6889953613281
76,396.1809997558594,263.135009765625,268.6340026855469
77,396.5409851074219,264.3389892578125,269.37298583984375
78,395.63299560546875,264.593994140625,270.5679931640625
79,396.0140075683594,265.3489990234375,271.4649963378906
80,396.5220031738281,265.5459899902344,268.4429931640625
81,394.447998046875,263.989013671875,270.60198974609375
82,393.62701416015625,264.031005859375,271.80499267578125
83,394.0669860839844,262.9590148925781,272.7900085449219
84,394.1919860839844,263.22601318359375,273.989990234375
85,392.1390075683594,263.9020080566406,271.4309997558594
86,391.6679992675781,265.1709899902344,270.74200439453125
87,391.2699890136719,263.6419982910156,272.6409912109375
88,390.3080139160156,265.052001953125,270.17401123046875
89,394.35101318359375,261.7489929199219,272.3009948730469
90,394.677001953125,260.64898681640625,273.20599365234375
91,396.0539855957031,260.8269958496094,273.83099365234375
92,396.25201416015625,260.47601318359375,274.99700927734375
93,394.6199951171875,259.302001953125,272.489013671875
94,393.25299072265625,258.8330078125,272.0570068359375
95,392.1050109863281,259.47900390625,272.4750061035156
96,393.11700439453125,257.718994140625,271.25
97,390.86700439453125,259.04901123046875,272.07598876953125
98,391.8810119628906,257.2770080566406,270.8550109863281
99,390.760009765625,257.94500732421875,271.2690124511719
100,389.5199890136719,257.5090026855469,270.87298583984375
101,397.0159912109375,261.37701416015625,273.0899963378906
102,398.3420104980469,261.54998779296875,273.6679992675781
103,398.40899658203125,262.7149963378906,274.635986328125
104,399.4100036621094,262.8599853515625,275.3370056152344
105,399.40301513671875,261.74700927734375,272.5889892578125
106,399.41900634765625,263.1210021972656,271.97100830078125
107,400.489013671875,263.25799560546875,270.9100036621094
108,401.1440124511719,262.2460021972656,270.5989990234375
109,400.69500732421875,264.3789978027344,270.4010009765625
110,397.385009765625,263.552001953125,274.6830139160156
111,397.24200439453125,264.48199462890625,275.7850036621094
112,396.3330078125,263.9309997558594,276.8710021972656
113,396.4679870605469,264.31500244140625,278.0379943847656
114,396.72601318359375,265.8219909667969,275.2619934082031
115,396.7070007324219,267.01800537109375,276.20001220703125
116,397.0889892578125,268.2279968261719,275.4049987792969
117,395.3210144042969,267.20599365234375,276.7959899902344
118,395.42401123046875,263.031005859375,276.51800537109375
119,394.67999267578125,262.27398681640625,277.5090026855469
120,395.5060119628906,261.135986328125,278.0880126953125
121,395.0920104980469,260.5299987792969,279.07598876953125
122,393.38299560546875,261.77398681640625,276.8699951171875
123,392.1789855957031,261.156005859375,277.5790100097656
124,392.302001953125,259.67498779296875,277.70599365234375
125,392.0,261.77398681640625,278.94000244140625
126,396.67999267578125,260.8479919433594,277.5299987792969
127,397.5740051269531,259.885986328125,278.1549987792969
128,398.64801025390625,260.5409851074219,279.0010070800781
129,398.99798583984375,259.99798583984375,280.0459899902344
130,398.2539978027344,258.9930114746094,277.11700439453125
131,399.0589904785156,257.8800048828125,277.7239990234375
132,398.4280090332031,256.75799560546875,278.2250061035156
133,400.43798828125,257.96099853515625,277.80999755859375
134,399.1520080566406,255.73800659179688,278.7929992675781
135,401.1650085449219,256.9440002441406,278.3800048828125
136,400.5190124511719,255.83099365234375,278.8689880371094
137,399.2040100097656,261.6759948730469,278.5719909667969
138,400.3389892578125,262.2229919433594,279.3039855957031
139,399.8949890136719,262.8940124511719,280.593994140625
140,400.6440124511719,262.9020080566406,281.5719909667969
141,401.1470031738281,263.177001953125,278.4259948730469
142,400.4519958496094,264.4410095214844,278.0190124511719
143,401.3349914550781,265.281005859375,277.1319885253906
144,402.5069885253906,265.8240051269531,277.9129943847656
145,402.06500244140625,266.74798583984375,278.9830017089844
146,398.6929931640625,263.447998046875,280.6289978027344
147,397.99700927734375,263.6700134277344,281.8819885253906
148,396.7959899902344,262.7430114746094,281.9070129394531
149,396.22198486328125,262.4309997558594,280.8630065917969
150,397.5409851074219,265.1199951171875,282.0530090332031
151,398.6629943847656,266.1159973144531,282.1830139160156
152,399.1189880371094,266.6409912109375,280.8450012207031
153,398.4639892578125,266.3179931640625,279.8340148925781
154,400.1319885253906,267.3689880371094,280.79998779296875
155,396.4119873046875,262.3089904785156,283.0929870605469
156,395.30999755859375,261.3810119628906,283.135986328125
157,393.9429931640625,261.989990234375,282.9960021972656
158,392.9540100097656,261.2590026855469,283.0419921875
159,393.8489990234375,263.31201171875,282.8420104980469
160,392.58599853515625,264.02899169921875,282.77398681640625
161,392.59698486328125,264.9259948730469,281.5459899902344
162,393.6510009765625,265.2019958496094,280.97100830078125
163,392.3429870605469,264.8800048828125,284.0360107421875
164,392.3599853515625,264.031005859375,285.281005859375
165,393.37200927734375,265.9599914550781,284.1419982910156
166,391.3999938964844,265.37298583984375,281.14599609375
167,391.2439880371094,266.55499267578125,280.3009948730469
168,389.82598876953125,267.0950012207031,280.4360046386719
169,388.8810119628906,266.34100341796875,280.6499938964844
170,391.60699462890625,266.2860107421875,278.8370056152344
171,390.7879943847656,265.30999755859375,278.0769958496094
172,391.7279968261719,265.07598876953125,276.57000732421875
173,391.6780090332031,266.7239990234375,275.88299560546875
174,389.71099853515625,268.42401123046875,280.3299865722656
175,388.62200927734375,269.2330017089844,280.8819885253906
176,387.95098876953125,270.0429992675781,279.77099609375
177,387.9779968261719,271.2770080566406,279.7860107421875
178,389.1059875488281,270.1400146484375,282.03399658203125
179,387.9320068359375,270.6830139160156,282.84698486328125
180,390.0570068359375,269.4110107421875,282.95599365234375
181,387.5400085449219,269.38299560546875,278.6969909667969
182,386.8039855957031,270.0849914550781,277.6520080566406
183,385.4840087890625,270.6610107421875,278.1759948730469
184,384.9200134277344,270.1929931640625,279.1600036621094
185,386.531005859375,269.1499938964844,276.4809875488281
186,385.00299072265625,271.7040100097656,277.5
187,383.7919921875,272.4330139160156,277.8580017089844
188,382.6099853515625,271.9289855957031,277.0350036621094
189,382.77801513671875,271.48699951171875,275.89801025390625
190,383.99200439453125,273.93499755859375,277.6199951171875
191,382.8349914550781,274.8550109863281,278.02099609375
192,383.1440124511719,276.30999755859375,277.74700927734375
193,381.9259948730469,277.1969909667969,277.9670104980469
194,381.51800537109375,277.27899169921875,279.39599609375
195,381.4100036621094,271.989990234375,277.6109924316406
196,380.2030029296875,271.625,276.8739929199219
197,379.7170104980469,272.82000732421875,276.0679931640625
198,378.8789978027344,273.6029968261719,276.51300048828125
199,379.1099853515625,271.135009765625,277.8080139160156
200,377.9209899902344,270.5690002441406,277.05999755859375
201,376.84698486328125,270.0950012207031,277.989013671875
202,375.65399169921875,269.6059875488281,277.2080078125
203,375.99200439453125,268.3659973144531,276.4739990234375
204,380.2879943847656,272.9840087890625,274.8800048828125
205,379.6099853515625,273.6239929199219,273.7619934082031
206,380.22100830078125,273.0710144042969,272.489990234375
207,381.4309997558594,272.8590087890625,272.4070129394531
208,379.6499938964844,275.1650085449219,273.7760009765625
209,381.0480041503906,275.7550048828125,273.802001953125
210,382.0509948730469,275.0450134277344,273.9800109863281
211,381.13800048828125,276.98699951171875,273.63800048828125
212,379.36700439453125,272.7820129394531,271.51800537109375
213,379.87701416015625,272.1719970703125,270.3070068359375
214,380.36700439453125,273.22698974609375,269.3320007324219
215,381.0950012207031,272.9020080566406,268.3909912109375
216,378.78900146484375,271.27398681640625,269.71099853515625
217,378.3840026855469,270.2380065917969,270.7300109863281
218,377.60198974609375,272.08099365234375,269.35198974609375
219,380.0050048828125,274.4880065917969,269.552001953125
220,380.35101318359375,275.5799865722656,268.65399169921875
221,381.5350036621094,276.343994140625,269.2380065917969
222,381.39599609375,277.44000244140625,269.77301025390625
223,379.1549987792969,276.4989929199219,268.4599914550781
224,377.93701171875,275.81201171875,267.9320068359375
225,376.90899658203125,275.3919982910156,268.74700927734375
226,377.5899963378906,275.45599365234375,266.67498779296875
227,375.9700012207031,274.8280029296875,268.0090026855469
228,376.364013671875,274.843994140625,266.75
229,382.7229919433594,275.7560119628906,269.1210021972656
230,383.93798828125,276.4339904785156,269.54400634765625
231,385.02801513671875,276.0740051269531,268.5419921875
232,385.18499755859375,274.8869934082031,268.21099853515625
233,384.343994140625,276.0400085449219,270.96099853515625
234,385.5559997558594,276.7669982910156,271.4930114746094
235,386.0580139160156,276.1969909667969,273.1239929199219
236,384.7869873046875,276.9110107421875,274.1510009765625
237,385.7770080566406,277.0580139160156,268.0329895019531
238,386.68701171875,276.7720031738281,266.9079895019531
239,387.8789978027344,275.9110107421875,267.27398681640625
240,388.29901123046875,275.0820007324219,266.4599914550781
241,387.12200927734375,278.1700134277344,266.45098876953125
242,386.0570068359375,279.0769958496094,266.94000244140625
243,385.614013671875,278.50299072265625,268.2449951171875
244,388.4549865722656,276.09100341796875,268.4580078125
245,389.5459899902344,275.2409973144531,268.90899658203125
246,389.3030090332031,274.84100341796875,270.3489990234375
247,388.6199951171875,275.5450134277344,271.0929870605469
248,390.9200134277344,275.9219970703125,268.81298828125
249,391.51800537109375,275.96099853515625,267.4219970703125
250,391.17999267578125,277.2489929199219,266.71600341796875
251,391.8349914550781,277.3089904785156,265.36199951171875
252,391.2330017089844,276.2980041503906,264.4570007324219
253,389.8590087890625,273.7019958496094,270.7340087890625
254,389.9330139160156,273.38299560546875,272.1449890136719
255,390.9259948730469,274.3299865722656,272.8070068359375
256,392.0050048828125,274.56201171875,272.2590026855469
257,390.3609924316406,271.93701171875,272.35400390625
258,390.3160095214844,271.49200439453125,273.781005859375
259,391.35400390625,271.7049865722656,274.6610107421875
260,389.36199951171875,270.8370056152344,274.4800109863281
261,391.0400085449219,271.2040100097656,275.84100341796875
262,389.8370056152344,270.6709899902344,275.7569885253906
263,390.58099365234375,274.9079895019531,273.9620056152344
264,391.406005859375,275.9949951171875,274.510986328125
265,392.7760009765625,275.5450134277344,274.9700012207031
266,393.72601318359375,276.3330078125,274.93499755859375
267,390.56500244140625,276.5069885253906,275.69000244140625
268,389.18701171875,276.0559997558594,275.4020080566406
269,389.33599853515625,274.73699951171875,274.7239990234375
270,392.9049987792969,274.2919921875,275.375
271,394.1709899902344,273.77099609375,275.85699462890625
272,394.9549865722656,273.0769958496094,274.75201416015625
273,396.19000244140625,273.1050109863281,274.7699890136719
274,393.90899658203125,272.8320007324219,277.0369873046875
275,395.125,272.37298583984375,277.8080139160156
276,395.68798828125,271.11199951171875,277.22900390625
277,394.8999938964844,270.4020080566406,276.5830078125
278,396.8919982910156,270.8450012207031,277.40399169921875
279,394.2799987792969,272.43798828125,273.7969970703125
280,395.0069885253906,271.88299560546875,272.6659851074219
281,395.46099853515625,272.9859924316406,271.7239990234375
282,396.6549987792969,273.2959899902344,271.6889953613281
283,394.1390075683594,270.8659973144531,271.9339904785156
284,394.1199951171875,269.50299072265625,272.614990234375
285,392.9320068359375,268.6520080566406,272.2449951171875
286,395.3789978027344,268.79901123046875,272.1780090332031
287,394.5329895019531,273.6050109863281,270.98699951171875
288,394.6910095214844,274.875,270.2690124511719
289,395.8529968261719,274.9169921875,269.2720031738281
290,396.177001953125,275.9949951171875,268.76300048828125
291,394.8349914550781,276.0469970703125,271.2460021972656
292,396.4960021972656,273.7950134277344,268.98199462890625
293,397.72900390625,273.7669982910156,268.21099853515625
294,397.6260070800781,272.89801025390625,266.9779968261719
295,398.1340026855469,273.2699890136719,265.9200134277344
296,398.8900146484375,273.2659912109375,269.07598876953125
297,399.3139953613281,274.2720031738281,270.12298583984375
298,399.15399169921875,275.48699951171875,269.8789978027344
299,399.8110046386719,273.8489990234375,271.18798828125
300,396.97900390625,271.7460021972656,267.0929870605469
301,396.6839904785156,270.9049987792969,265.9490051269531
302,395.32598876953125,271.2239990234375,265.3479919433594
303,394.8059997558594,270.4159851074219,264.572998046875
304,396.7560119628906,269.4280090332031,266.3429870605469
305,398.1510009765625,268.79901123046875,266.2619934082031
306,399.0580139160156,269.2099914550781,267.4150085449219
307,398.552001953125,268.6610107421875,268.7330017089844
308,399.4530029296875,268.9949951171875,269.8599853515625
309,394.7539978027344,272.3789978027344,265.7120056152344
310,393.5119934082031,272.9209899902344,265.1520080566406
311,392.34100341796875,271.9700012207031,265.3479919433594
312,391.5199890136719,271.7770080566406,264.45098876953125
313,393.6679992675781,273.2850036621094,263.67401123046875
314,394.5799865722656,274.4700012207031,263.4590148925781
315,394.5220031738281,275.4530029296875,264.1919860839844
316,395.4360046386719,274.3800048828125,262.4519958496094
317,392.26800537109375,271.36199951171875,266.5249938964844
318,391.1709899902344,270.4670104980469,266.87701416015625
319,390.0899963378906,271.2820129394531,267.5849914550781
320,390.39898681640625,271.98699951171875,268.5570068359375
321,391.6610107421875,269.2879943847656,267.7279968261719
322,392.64300537109375,269.739990234375,268.76300048828125
323,390.49700927734375,268.593994140625,268.39898681640625
324,388.8590087890625,271.2820129394531,267.0979919433594
325,387.7969970703125,272.0199890136719,267.7749938964844
326,387.2690124511719,271.2619934082031,268.9800109863281
327,387.5840148925781,270.0979919433594,269.2120056152344
328,386.72100830078125,272.1650085449219,266.697998046875
329,386.97601318359375,271.0889892578125,265.7690124511719
330,388.4570007324219,270.88299560546875,265.7460021972656
331,386.42498779296875,271.9580078125,269.7380065917969
332,385.8240051269531,271.41400146484375,270.94500732421875
333,384.8179931640625,270.3059997558594,270.6570129394531
334,384.42401123046875,269.59100341796875,271.5780029296875
335,385.1390075683594,272.53900146484375,271.7139892578125
336,384.9020080566406,272.2080078125,273.1650085449219
337,385.3789978027344,271.2049865722656,273.67999267578125
338,384.12799072265625,273.0450134277344,273.8280029296875
339,384.3789978027344,270.13800048828125,269.4179992675781
340,383.3760070800781,269.1189880371094,269.1610107421875
341,383.9859924316406,267.72900390625,269.06201171875
342,383.3320007324219,266.7550048828125,269.4410095214844
343,382.5889892578125,269.4849853515625,267.9010009765625
344,381.3479919433594,268.73699951171875,267.40301513671875
345,381.70001220703125,267.61199951171875,266.4960021972656
346,380.52398681640625,268.20098876953125,268.5350036621094
347,385.2149963378906,267.5979919433594,268.5580139160156
348,385.7900085449219,266.2619934082031,268.4320068359375
349,386.2080078125,265.7130126953125,269.7869873046875
350,386.08599853515625,264.5090026855469,270.0379943847656
351,386.989990234375,266.2560119628906,267.4909973144531
352,386.6889953613281,266.7300109863281,266.1080017089844
353,385.7690124511719,266.1159973144531,265.29400634765625
354,387.2640075683594,267.6940002441406,265.35699462890625
355,385.7359924316406,266.7279968261719,264.125
356,386.6369934082031,267.6910095214844,264.1369934082031
357,386.7139892578125,266.57501220703125,270.6679992675781
358,387.1499938964844,266.1300048828125,271.9849853515625
359,385.9580078125,265.73199462890625,272.85400390625
360,386.05499267578125,264.8039855957031,273.6629943847656
361,388.0450134277344,267.2279968261719,272.60101318359375
362,387.3429870605469,268.53399658203125,272.65301513671875
363,388.5069885253906,266.8800048828125,273.97698974609375
364,384.8009948730469,266.3630065917969,272.6610107421875
365,383.59600830078125,265.9169921875,273.343994140625
366,383.09100341796875,264.58599853515625,272.8219909667969
367,382.3810119628906,263.8869934082031,273.5450134277344
368,382.48199462890625,266.9429931640625,273.2040100097656
369,382.6889953613281,268.2040100097656,273.9909973144531
370,381.30499267578125,269.3059997558594,273.7090148925781
371,380.02301025390625,268.3710021972656,274.52801513671875
372,383.4179992675781,264.23199462890625,271.5849914550781
373,382.9429931640625,263.00201416015625,270.97601318359375
374,384.01800537109375,261.9389953613281,270.8580017089844
375,383.7120056152344,260.8160095214844,270.45001220703125
376,382.35101318359375,263.2950134277344,269.5929870605469
377,381.14801025390625,264.2090148925781,269.6570129394531
378,380.0379943847656,263.50799560546875,270.385986328125
379,378.77099609375,264.32000732421875,270.427001953125
380,378.8760070800781,265.4949951171875,271.3169860839844
381,385.2640075683594,262.260986328125,271.18499755859375
382,386.24200439453125,261.21099853515625,271.4119873046875
383,386.0190124511719,260.57000732421875,272.7720031738281
384,385.9020080566406,259.34698486328125,272.8739929199219
385,387.656005859375,261.77099609375,271.3039855957031
386,385.9150085449219,261.3800048828125,273.8240051269531
387,385.66400146484375,260.864013671875,275.16400146484375
388,384.21099853515625,260.4960021972656,275.4309997558594
389,383.89801025390625,260.08099365234375,276.54901123046875
390,386.1449890136719,261.8550109863281,276.2139892578125
391,387.52801513671875,261.5459899902344,276.7229919433594
392,388.7619934082031,261.76800537109375,275.468994140625
393,388.6990051269531,263.5299987792969,275.4339904785156
394,383.3110046386719,260.6419982910156,274.4670104980469
395,382.0639953613281,259.9079895019531,274.593994140625
396,382.25799560546875,258.4679870605469,274.1520080566406
397,381.6059875488281,257.5639953613281,274.6830139160156
398,380.947998046875,260.5870056152344,273.8009948730469
399,379.5790100097656,259.9739990234375,274.04400634765625
400,378.447998046875,260.73699951171875,273.4020080566406
401,378.656005859375,261.7590026855469,272.76300048828125
402,377.2349853515625,260.2359924316406,273.5669860839844
403,383.1780090332031,258.22698974609375,273.2170104980469
404,383.4620056152344,256.85699462890625,272.81500244140625
405,384.2309875488281,256.10400390625,273.8840026855469
406,384.0669860839844,254.88999938964844,274.0190124511719
407,384.2449951171875,256.8340148925781,271.510009765625
408,384.6300048828125,255.51300048828125,271.1839904785156
409,385.0669860839844,256.79400634765625,274.64898681640625
410,385.8340148925781,256.1029968261719,275.67401123046875
411,384.9849853515625,255.7570037841797,276.8869934082031
412,385.25,254.75100708007812,277.54998779296875
413,387.0409851074219,256.9410095214844,276.0929870605469
414,388.3659973144531,256.81298828125,275.3370056152344
415,388.2900085449219,257.3559875488281,273.9530029296875
416,389.4360046386719,257.5559997558594,276.08099365234375
417,383.9639892578125,256.5589904785156,277.1910095214844
418,383.114990234375,256.25201416015625,278.3349914550781
419,382.2239990234375,255.0540008544922,278.0530090332031
420,381.9700012207031,254.23500061035156,278.9429931640625
421,382.2720031738281,257.4630126953125,278.71099853515625
422,381.4440002441406,257.2250061035156,279.95001220703125
423,380.6099853515625,258.4020080566406,280.3190002441406
424,379.4540100097656,258.56298828125,279.36700439453125
425,378.47698974609375,257.4590148925781,279.5050048828125
426,381.760986328125,254.91900634765625,276.81298828125
427,380.9469909667969,253.76800537109375,276.4549865722656
428,381.75799560546875,252.4810028076172,276.4590148925781
429,381.20098876953125,251.4010009765625,276.6780090332031
430,380.3089904785156,253.9929962158203,275.093994140625
431,379.4259948730469,255.09500122070312,275.1470031738281
432,383.0639953613281,252.5749969482422,276.239990234375
433,383.9570007324219,251.43699645996094,276.3630065917969
434,384.5989990234375,251.33299255371094,277.73699951171875
435,385.4590148925781,250.47300720214844,277.94000244140625
436,385.03399658203125,251.5,275.2850036621094
437,384.5159912109375,251.17300415039062,273.90899658203125
438,385.5899963378906,251.36399841308594,272.8699951171875
439,385.8789978027344,252.7760009765625,272.6759948730469
440,386.85198974609375,253.23399353027344,271.90399169921875
441,387.635986328125,252.38999938964844,271.25201416015625
442,387.0379943847656,254.53599548339844,271.781005859375
443,384.2139892578125,252.19000244140625,278.6789855957031
444,384.6809997558594,252.08200073242188,280.0450134277344
445,386.1289978027344,252.4409942626953,280.27801513671875
446,386.6159973144531,252.26400756835938,281.39801025390625
447,386.8349914550781,252.94400024414062,279.2659912109375
448,388.2309875488281,253.33599853515625,279.3940124511719
449,388.4200134277344,254.64999389648438,280.13299560546875
450,389.5660095214844,255.05499267578125,280.3349914550781
451,388.8529968261719,253.46099853515625,278.00799560546875
452,389.0679931640625,252.15699768066406,277.2879943847656
453,389.2300109863281,250.9720001220703,277.9809875488281
454,389.06201171875,252.10800170898438,275.90399169921875
455,389.41900634765625,249.78199768066406,277.31500244140625
456,389.2330017089844,250.9250030517578,275.23199462890625
457,389.41900634765625,249.7689971923828,275.9389953613281
458,389.5989990234375,248.59300231933594,275.2539978027344
459,387.343994140625,255.33200073242188,280.52099609375
460,387.4179992675781,256.6600036621094,281.114990234375
461,386.2040100097656,256.8089904785156,282.0270080566406
462,385.260009765625,256.02398681640625,281.9649963378906
463,387.4590148925781,257.760009765625,280.02398681640625
464,386.0820007324219,258.0780029296875,279.510986328125
465,388.1990051269531,259.0,280.4639892578125
466,386.239990234375,257.8059997558594,282.90301513671875
467,385.1470031738281,258.0979919433594,283.8210144042969
468,384.8900146484375,259.5929870605469,283.7980041503906
469,385.8299865722656,260.37799072265625,283.9289855957031
470,385.489990234375,257.6369934082031,285.2409973144531
471,384.4289855957031,257.9309997558594,286.2869873046875
472,383.1409912109375,257.1789855957031,286.0190124511719
473,383.3299865722656,255.68299865722656,286.1960144042969
474,383.5639953613281,255.31300354003906,287.6130065917969
475,383.6340026855469,259.99200439453125,283.635009765625
476,383.32000732421875,261.4070129394531,283.5140075683594
477,382.57501220703125,261.9119873046875,284.7340087890625
478,382.08599853515625,261.14898681640625,285.5679931640625
479,382.47698974609375,261.7080078125,282.2749938964844
480,381.0159912109375,261.38800048828125,282.3940124511719
481,380.260986328125,261.75,281.135986328125
482,380.90899658203125,262.16900634765625,280.15899658203125
483,379.0220031738281,261.62200927734375,281.12298583984375
484,382.49200439453125,263.2340087890625,284.8039855957031
485,381.7250061035156,263.9360046386719,285.8139953613281
486,381.5090026855469,265.3380126953125,285.2850036621094
487,382.4410095214844,265.9519958496094,284.76800537109375
488,382.45599365234375,263.97198486328125,287.1520080566406
489,381.614013671875,264.4630126953125,288.2929992675781
490,380.4540100097656,263.5350036621094,288.5889892578125
491,379.302001953125,263.8489990234375,288.29998779296875
492,380.7560119628906,262.37701416015625,289.1629943847656
493,380.2860107421875,265.83599853515625,285.4010009765625
494,379.8900146484375,267.0719909667969,284.7439880371094
495,379.56201171875,268.1180114746094,285.7959899902344
496,378.656005859375,267.92498779296875,286.60699462890625
497,378.6990051269531,266.8269958496094,283.8190002441406
498,378.26300048828125,268.0360107421875,283.0400085449219
499,378.9859924316406,268.47698974609375,281.9599914550781
500,377.114990234375,268.71099853515625,283.3699951171875
501,378.5920104980469,269.5690002441406,281.2330017089844
502,376.718994140625,269.8169860839844,282.6470031738281
503,377.4580078125,270.239990234375,281.57598876953125
504,380.29400634765625,269.2250061035156,285.7690124511719
505,380.0790100097656,270.38299560546875,286.6300048828125
506,378.9410095214844,271.2359924316406,286.11199951171875
507,377.94500732421875,270.7080078125,285.614013671875
508,381.3299865722656,271.239013671875,286.7550048828125
509,379.00299072265625,272.5329895019531,286.40899658203125
510,378.0830078125,273.4960021972656,285.8190002441406
511,378.02899169921875,273.364013671875,284.29901123046875
512,376.9989929199219,272.9800109863281,283.7359924316406
513,378.50201416015625,274.9079895019531,286.2139892578125
514,378.3340148925781,275.23199462890625,287.64898681640625
515,377.8169860839844,274.43701171875,288.614990234375
516,378.64898681640625,276.468994140625,288.2749938964844
517,377.8110046386719,275.0920104980469,289.81201171875
518,378.3139953613281,276.3479919433594,289.625
519,379.1860046386719,277.6700134277344,287.8219909667969
520,378.4939880371094,277.3800048828125,290.52398681640625
521,379.3630065917969,278.68798828125,288.7139892578125
522,379.0260009765625,278.53900146484375,290.04901123046875
523,379.1499938964844,273.62799072265625,283.614990234375
524,379.1839904785156,273.4590148925781,282.1659851074219
525,380.48199462890625,272.84100341796875,281.6619873046875
526,380.8009948730469,272.989990234375,280.4809875488281
527,378.9599914550781,274.78399658203125,281.4280090332031
528,377.52899169921875,275.27899169921875,281.4530029296875
529,377.35101318359375,276.5769958496094,280.7179870605469
530,377.60101318359375,276.4079895019531,279.2980041503906
531,377.59600830078125,277.40399169921875,278.42401123046875
532,377.84600830078125,277.1700134277344,277.1440124511719
533,377.3290100097656,278.6340026855469,278.8330078125
534,381.2279968261719,272.1409912109375,282.5069885253906
535,382.4679870605469,271.50299072265625,282.10101318359375
536,382.40399169921875,270.010986328125,282.35699462890625
537,381.6520080566406,269.5379943847656,283.2049865722656
538,383.6610107421875,272.1090087890625,282.81201171875
539,384.0249938964844,273.4570007324219,282.29901123046875
540,384.7430114746094,273.6390075683594,281.1390075683594
541,383.73699951171875,274.6929931640625,282.7619934082031
542,384.90399169921875,274.9309997558594,280.92401123046875
543,384.302001953125,275.5920104980469,281.8940124511719
544,383.260009765625,269.28900146484375,281.65301513671875
545,382.9429931640625,267.9490051269531,281.197998046875
546,384.1289978027344,267.0190124511719,281.4570007324219
547,384.65399169921875,266.385986328125,280.54901123046875
548,382.4849853515625,268.1000061035156,279.74700927734375
549,381.6619873046875,266.97100830078125,279.22198486328125
550,380.71600341796875,266.3710021972656,280.01300048828125
551,381.65301513671875,266.6919860839844,277.8760070800781
552,379.9049987792969,265.385009765625,279.5329895019531
553,380.84100341796875,265.6990051269531,277.37701416015625
554,379.9580078125,265.052001953125,278.2099914550781
555,384.57000732421875,266.9779968261719,282.72100830078125
556,385.8089904785156,266.3529968261719,283.2080078125
557,385.9230041503906,264.8739929199219,282.84698486328125
558,384.9230041503906,264.17999267578125,282.68499755859375
559,385.85198974609375,266.45098876953125,284.72900390625
560,385.739013671875,267.843994140625,285.2850036621094
561,384.5,268.4110107421875,285.5249938964844
562,386.8550109863281,268.60101318359375,285.552001953125
563,384.38299560546875,269.6719970703125,286.0050048828125
564,386.739990234375,269.87799072265625,286.0679931640625
565,385.49798583984375,270.40399169921875,286.27899169921875
566,385.36199951171875,271.67401123046875,286.7720031738281
567,387.1600036621094,264.3800048828125,282.75201416015625
568,387.4049987792969,262.9630126953125,282.5039978027344
569,388.6199951171875,262.4779968261719,283.27899169921875
570,389.4849853515625,263.2590026855469,283.66400146484375
571,387.593994140625,262.6470031738281,281.0199890136719
572,386.3500061035156,262.82000732421875,280.27801513671875
573,385.2699890136719,262.0169982910156,280.3299865722656
574,386.05499267578125,263.8299865722656,279.322998046875
575,384.2909851074219,262.4859924316406,279.5060119628906
576,384.7550048828125,263.5989990234375,278.86700439453125
577,386.7659912109375,264.9129943847656,278.8070068359375
578,384.15399169921875,264.3949890136719,277.9259948730469
579,386.1570129394531,265.7099914550781,277.8819885253906
580,384.864013671875,265.45001220703125,277.45098876953125
581,388.66900634765625,261.1650085449219,283.5140075683594
582,389.7170104980469,260.5360107421875,284.30999755859375
583,390.0,259.17401123046875,283.70599365234375
584,389.0639953613281,258.39300537109375,283.52099609375
585,389.2799987792969,260.32598876953125,285.760986328125
586,388.7699890136719,261.53900146484375,286.4779968261719
587,389.635009765625,262.4530029296875,287.0350036621094
588,387.4100036621094,261.75,286.6159973144531
589,389.1659851074219,263.5530090332031,287.6919860839844
590,386.9309997558594,262.84600830078125,287.2749938964844
591,387.8190002441406,263.7430114746094,287.8110046386719
592,387.364990234375,264.8529968261719,288.47100830078125
593,391.2650146484375,258.86700439453125,283.43701171875
594,391.60400390625,257.5270080566406,282.9729919433594
595,391.3999938964844,256.48199462890625,284.0559997558594
596,391.78399658203125,256.6709899902344,285.21099853515625
597,393.0450134277344,257.45001220703125,282.49798583984375
598,393.3909912109375,257.8789978027344,281.09100341796875
599,394.8819885253906,257.79901123046875,280.9280090332031
600,392.7139892578125,256.9129943847656,280.15899658203125
601,390.7879943847656,255.37100219726562,283.66900634765625
602,390.72900390625,254.18299865722656,284.4960021972656
603,391.97198486328125,253.34100341796875,284.2380065917969
604,392.80999755859375,253.6739959716797,283.4010009765625
605,389.4590148925781,253.38600158691406,284.2080078125
606,389.4169921875,253.0469970703125,282.8190002441406
607,388.22601318359375,254.1909942626953,284.5679931640625
608,392.0979919433594,252.22799682617188,284.96099853515625
609,393.2080078125,251.3209991455078,284.70599365234375
610,393.0450134277344,250.5709991455078,283.3940124511719
611,394.0419921875,250.11300659179688,282.83099365234375
612,393.3609924316406,250.32699584960938,285.85699462890625
613,393.9169921875,250.9669952392578,287.1130065917969
614,394.83599853515625,251.77999877929688,287.0559997558594
615,393.364990234375,250.593994140625,288.25799560546875
616,391.8160095214844,250.4290008544922,282.89898681640625
617,391.6130065917969,249.82699584960938,281.5870056152344
618,392.06201171875,250.77099609375,280.48699951171875
619,392.63299560546875,250.33700561523438,279.4800109863281
620,390.1449890136719,249.4499969482422,281.3900146484375
621,389.6650085449219,248.29600524902344,282.2409973144531
622,389.2460021972656,248.7259979248047,283.62799072265625
623,389.2149963378906,249.94500732421875,283.8919982910156
624,388.968994140625,247.8419952392578,284.4639892578125
625,391.81298828125,252.0679931640625,280.6650085449219
626,392.1789855957031,253.0330047607422,279.64801025390625
627,393.6679992675781,253.26499938964844,279.5539855957031
628,394.1669921875,253.64999389648438,278.49700927734375
629,394.3970031738281,253.03500366210938,280.6440124511719
630,395.84698486328125,253.17799377441406,280.60699462890625
631,396.4679870605469,252.08700561523438,279.7430114746094
632,397.32501220703125,252.35800170898438,278.8949890136719
633,396.4179992675781,253.1699981689453,282.0350036621094
634,395.927001953125,254.3939971923828,282.79998779296875
635,397.9320068359375,253.15899658203125,282.01300048828125
636,396.20001220703125,254.33700561523438,284.2770080566406
637,396.02099609375,250.843994140625,279.9230041503906
638,396.5929870605469,249.74000549316406,279.1619873046875
639,396.15399169921875,249.7790069580078,277.7049865722656
640,396.8949890136719,249.33200073242188,276.8219909667969
641,396.21099853515625,248.41000366210938,279.81298828125
642,396.8789978027344,247.1840057373047,279.2070007324219
643,396.5469970703125,245.9149932861328,279.9540100097656
644,395.7969970703125,245.9340057373047,280.927001953125
645,397.1050109863281,244.80099487304688,279.50201416015625
646,394.9750061035156,250.33399963378906,277.4280090332031
647,394.5329895019531,250.45700073242188,276.0450134277344
648,395.3340148925781,251.50900268554688,275.2959899902344
649,395.72900390625,251.29100036621094,274.14599609375
650,393.04901123046875,250.79100036621094,275.989990234375
651,392.5379943847656,251.03500366210938,274.59100341796875
652,392.34100341796875,249.98300170898438,273.7090148925781
653,392.2330017089844,252.3209991455078,274.1579895019531
654,391.864990234375,250.20599365234375,272.4330139160156
655,391.7560119628906,252.55099487304688,272.8900146484375
656,391.5740051269531,251.49200439453125,272.0329895019531
657,391.10101318359375,251.7239990234375,270.7659912109375
658,395.58099365234375,252.656005859375,275.92401123046875
659,396.31298828125,253.70599365234375,275.23199462890625
660,397.8009948730469,253.39700317382812,275.11700439453125
661,398.4750061035156,253.98599243164062,274.27099609375
662,396.09100341796875,255.0489959716797,275.9169921875
663,394.635009765625,255.4980010986328,275.8330078125
664,394.4440002441406,256.8340148925781,276.5150146484375
665,394.135986328125,255.531005859375,274.4010009765625
666,398.3280029296875,252.4709930419922,275.91400146484375
667,399.65301513671875,251.95199584960938,275.60400390625
668,399.6369934082031,250.93800354003906,274.47198486328125
669,400.6960144042969,250.39999389648438,274.1369934082031
670,400.2959899902344,251.3179931640625,276.83599853515625
671,400.80999755859375,252.30099487304688,277.8630065917969
672,401.489990234375,251.5709991455078,279.0090026855469
673,400.5299987792969,250.8419952392578,279.8320007324219
674,400.45098876953125,249.51800537109375,279.88800048828125
675,401.27301025390625,248.77200317382812,279.1629943847656
676,399.5480041503906,248.94000244140625,280.66400146484375
677,398.47900390625,250.64199829101562,273.8890075683594
678,398.4309997558594,249.8209991455078,272.69500732421875
679,397.8399963378906,250.54600524902344,271.4939880371094
680,398.08599853515625,250.12399291992188,270.36199951171875
681,397.63299560546875,248.53900146484375,272.9620056152344
682,397.8370056152344,247.50100708007812,271.88800048828125
683,398.906005859375,246.85499572753906,271.8819885253906
684,396.9440002441406,247.35699462890625,271.0299987792969
685,397.0929870605469,251.6300048828125,271.697998046875
686,396.63299560546875,252.3939971923828,270.5450134277344
687,397.5849914550781,253.52099609375,270.18798828125
688,397.802001953125,253.7969970703125,269.0050048828125
689,395.2409973144531,252.97300720214844,270.7860107421875
690,394.6910095214844,253.68600463867188,269.572998046875
691,394.1910095214844,252.97000122070312,268.5
692,394.68499755859375,255.07000732421875,269.49700927734375
693,393.6960144042969,253.61000061035156,267.3900146484375
694,394.1990051269531,255.71600341796875,268.3919982910156
695,393.7019958496094,254.98300170898438,267.34100341796875
696,393.2080078125,255.625,266.2300109863281
697,398.135986328125,254.20799255371094,271.1809997558594
698,399.1830139160156,255.17799377441406,270.9110107421875
699,400.5320129394531,254.51800537109375,270.7170104980469
700,401.4830017089844,255.19900512695312,270.3139953613281
701,399.2820129394531,256.18701171875,272.0469970703125
702,398.02099609375,257.0010070800781,272.2640075683594
703,398.2090148925781,257.83099365234375,273.489990234375
704,397.77099609375,257.8699951171875,271.0660095214844
705,400.6199951171875,253.2209930419922,271.0369873046875
706,401.78399658203125,252.36900329589844,270.781005859375
707,403.02398681640625,252.86700439453125,271.5119934082031
708,404.09698486328125,253.01600646972656,270.927001953125
709,402.0409851074219,252.23199462890625,269.28900146484375
710,400.9670104980469,251.5,268.5570068359375
711,400.8609924316406,250.1280059814453,268.57598876953125
712,399.947998046875,251.94700622558594,267.7879943847656
713,399.8269958496094,249.75900268554688,267.84100341796875
714,399.25201416015625,250.84500122070312,267.3580017089844
715,402.875,253.1179962158203,272.7179870605469
716,403.9159851074219,253.5469970703125,273.6300048828125
717,404.5459899902344,252.33399963378906,274.3169860839844
718,403.8710021972656,251.34100341796875,274.5690002441406
719,403.3389892578125,254.4980010986328,274.6669921875
720,402.92401123046875,255.80099487304688,273.98699951171875
721,402.2120056152344,256.70001220703125,274.95001220703125
722,404.1400146484375,256.5050048828125,273.4049987792969
723,405.8529968261719,252.38999938964844,274.59600830078125
724,406.51800537109375,251.2270050048828,275.17401123046875
725,406.12200927734375,251.03599548339844,276.62298583984375
726,405.93701171875,252.01600646972656,277.3580017089844
727,408.0140075683594,251.56700134277344,275.0379943847656
728,408.04400634765625,253.04299926757812,275.0069885253906
729,406.80499267578125,253.4770050048828,274.3009948730469
730,406.0010070800781,249.76300048828125,277.1000061035156
731,405.3550109863281,249.4720001220703,278.385986328125
732,406.156005859375,249.86599731445312,279.62701416015625
733,406.3599853515625,249.06300354003906,280.53900146484375
734,405.14898681640625,247.95700073242188,278.3179931640625
735,406.2279968261719,247.46800231933594,277.4320068359375
736,406.4119873046875,248.53799438476562,276.3970031738281
737,406.6000061035156,251.11500549316406,279.66400146484375
738,407.1319885253906,251.7480010986328,280.85699462890625
739,406.6310119628906,253.16700744628906,281.0320129394531
740,406.76300048828125,253.7169952392578,282.13299560546875
741,408.6679992675781,251.76600646972656,280.8240051269531
742,409.2430114746094,252.7310028076172,279.8030090332031
743,409.4020080566406,252.11599731445312,278.4280090332031
744,408.8609924316406,251.01600646972656,278.19000244140625
745,410.0679931640625,252.73899841308594,277.5769958496094
746,406.0580139160156,253.7760009765625,279.9939880371094
747,405.5669860839844,255.14100646972656,280.0870056152344
748,404.260009765625,255.1510009765625,280.8609924316406
749,403.3489990234375,254.36099243164062,280.5849914550781
750,405.4010009765625,255.74099731445312,278.6839904785156
751,406.75201416015625,255.77099609375,277.9779968261719
752,404.8280029296875,257.135986328125,278.7550048828125
753,407.7820129394531,256.6300048828125,278.68499755859375
754,404.1700134277344,256.0350036621094,281.8429870605469
755,402.9930114746094,256.13299560546875,282.697998046875
756,402.37200927734375,257.5039978027344,282.4849853515625
757,403.0459899902344,258.4519958496094,282.0480041503906
758,403.3429870605469,255.8990020751953,284.1839904785156
759,403.8840026855469,254.4980010986328,284.37701416015625
760,404.33599853515625,256.94500732421875,284.6629943847656
761,401.07598876953125,257.63800048828125,282.75
762,400.4800109863281,258.9700012207031,282.86199951171875
763,401.0199890136719,259.7250061035156,284.0639953613281
764,401.64300537109375,259.1579895019531,284.9630126953125
765,398.98699951171875,258.67401123046875,283.0199890136719
766,398.80999755859375,257.3710021972656,282.3380126953125
767,400.0509948730469,256.5899963378906,282.6289978027344
768,400.7569885253906,261.0329895019531,284.07598876953125
769,401.260986328125,261.885009765625,285.1449890136719
770,400.5669860839844,261.63299560546875,286.47100830078125
771,401.1579895019531,261.88800048828125,287.5220031738281
772,401.1050109863281,263.3550109863281,284.7720031738281
773,399.3399963378906,261.12200927734375,286.4530029296875
774,398.60198974609375,260.98199462890625,287.6969909667969
775,399.052001953125,259.77899169921875,288.5119934082031
776,398.7049865722656,259.6940002441406,289.6940002441406
777,397.1099853515625,260.885009765625,287.4079895019531
778,396.8489990234375,259.6940002441406,286.65899658203125
779,396.6820068359375,262.072998046875,286.5920104980469
780,399.7959899902344,258.84698486328125,287.9110107421875
781,400.2909851074219,257.6990051269531,288.66400146484375
782,401.3299865722656,258.1310119628906,289.6910095214844
783,401.1400146484375,257.9179992675781,290.89300537109375
784,400.8370056152344,256.6340026855469,287.7149963378906
785,399.71099853515625,255.91299438476562,286.9679870605469
786,400.2409973144531,254.9239959716797,285.96600341796875
787,398.8280029296875,255.1959991455078,287.9519958496094
788,402.427001953125,258.7539978027344,289.2430114746094
789,403.20599365234375,259.6419982910156,290.11199951171875
790,403.9519958496094,260.69000244140625,289.2879943847656
791,404.6830139160156,260.364990234375,288.34698486328125
792,404.1579895019531,258.8970031738281,291.0539855957031
793,405.27301025390625,258.0369873046875,290.48199462890625
794,404.8529968261719,256.5849914550781,290.43499755859375
795,406.010009765625,255.70399475097656,290.4020080566406
796,406.51800537109375,255.1230010986328,291.4849853515625
797,405.9639892578125,255.3350067138672,292.6700134277344
798,407.57501220703125,254.3300018310547,291.3900146484375
799,403.7040100097656,261.95599365234375,289.625
800,404.656005859375,263.03900146484375,289.4259948730469
801,405.3890075683594,263.33599853515625,290.7239990234375
802,406.6210021972656,263.2460021972656,290.7749938964844
803,403.9599914550781,264.3169860839844,288.9259948730469
804,403.3909912109375,264.27801513671875,287.5169982910156
805,404.47698974609375,264.10198974609375,286.4630126953125
806,404.6910095214844,262.70098876953125,286.1059875488281
807,405.7860107421875,262.2359924316406,285.51800537109375
808,406.7850036621094,263.0570068359375,285.23199462890625
809,405.88800048828125,260.9469909667969,285.2309875488281
810,404.656005859375,263.6619873046875,291.7829895019531
811,405.2099914550781,263.8179931640625,293.11199951171875
812,405.3179931640625,262.4549865722656,293.78900146484375
813,405.14898681640625,261.3999938964844,293.1709899902344
814,404.36199951171875,264.7860107421875,293.93499755859375
815,404.4209899902344,266.0929870605469,293.3919982910156
816,405.60101318359375,262.48199462890625,295.0830078125
817,405.9179992675781,261.2749938964844,295.82598876953125
818,404.6830139160156,260.72698974609375,296.52801513671875
819,403.7869873046875,260.17999267578125,295.885986328125
820,407.03399658203125,261.5610046386719,296.8349914550781
821,408.4469909667969,261.4949951171875,296.25799560546875
822,408.8450012207031,262.7569885253906,295.4930114746094
823,408.8529968261719,263.9389953613281,296.34698486328125
824,408.89898681640625,265.18701171875,295.89300537109375
825,408.9389953613281,265.4209899902344,294.5870056152344
826,408.90301513671875,266.2019958496094,296.7449951171875
